
strategic_region={
	id=12
	name="STRATEGICREGION_12"
	provinces={
		14 22 35 109 124 142 146 158 201 222 225 230 232 234 280 296 366 398 416 445 474 481 494 521 529 549 557 620 637 645 649 653 657 676 677 697 711 718 795 801 805 824 827 868 877 886 896 911 920 922 947 1009 1070 1106 1115 1134 1140 1195 1218 1227 1234 1284 1287 1308 1323 1334 1356 1359 1373 1374 1381 1459 1484 1508 1551 1571 1579 1632 1634 1673 1685 1706 1747 1748 1771 1778 1791 1810 1898 1926 1932 1942 1943 1997 2001 2028 2097 2150 2167 2181 2196 2200 2218 2244 2279 2292 2333 2340 2350 2354 2355 2377 2436 2463 2580 2622 2648 2685 2780 3549 3550 3554 3563 3574 3576 3577 3583 3584 3598 3599 3604 3626 3637 3638 3651 3662 3663 3669 3684 3687 3690 3697 3750 3755 3764 3781 3784 3785 3791 3792 3796 3797 3815 3829 
	}
	weather={
	}
}
