
strategic_region={
	id=18
	name="STRATEGICREGION_18"
	provinces={
		12 17 33 38 41 44 50 70 116 120 129 139 162 165 169 172 182 186 190 229 236 260 266 276 279 286 292 312 331 340 356 361 368 384 389 418 430 440 451 455 456 458 466 507 508 510 519 526 528 533 556 559 580 583 585 605 615 619 639 675 680 710 722 725 732 734 745 757 767 793 816 826 836 853 854 869 899 902 937 940 974 987 989 1022 1023 1032 1041 1071 1092 1094 1097 1153 1176 1180 1198 1229 1235 1244 1249 1254 1267 1302 1303 1320 1337 1347 1352 1365 1387 1404 1416 1427 1447 1450 1466 1470 1482 1513 1527 1531 1534 1560 1563 1572 1593 1601 1623 1625 1655 1662 1711 1713 1722 1731 1733 1742 1751 1756 1764 1767 1799 1820 1852 1880 1899 1905 1924 1934 1937 1968 1974 1981 1987 1994 2037 2044 2083 2091 2093 2094 2126 2132 2144 2195 2222 2224 2243 2271 2282 2299 2300 2337 2341 2343 2357 2372 2391 2395 2397 2411 2425 2454 2466 2491 2493 2494 2503 2514 2543 2546 2606 2610 2619 2628 2633 2634 2636 2637 2640 2653 2654 2660 2663 2670 2700 2727 2747 2811 2820 2826 2829 2834 2870 3129 3145 3146 3156 3157 3164 3165 3177 3179 3180 3200 3205 3209 3212 3218 3220 3221 3222 3229 3237 3248 3252 3256 3267 3268 3272 3274 3283 3286 3287 3292 3299 3313 3316 3334 3339 3374 3387 3397 3407 3413 3414 3430 3439 3445 3452 3462 3465 3514 3536 
	}
	weather={
	}
}
