
strategic_region={
	id=19
	name="STRATEGICREGION_19"
	provinces={
		7 48 62 64 78 88 100 102 112 153 164 166 167 174 175 178 207 233 246 247 281 322 336 341 355 382 397 406 407 413 421 443 464 500 534 542 562 610 611 613 628 629 655 674 709 751 755 778 781 786 789 800 813 814 840 845 870 892 914 919 924 928 941 961 971 990 1003 1018 1028 1039 1046 1104 1107 1108 1148 1188 1214 1216 1225 1239 1245 1278 1314 1316 1321 1330 1332 1341 1367 1380 1420 1451 1475 1564 1567 1568 1577 1583 1591 1600 1618 1629 1644 1656 1667 1689 1696 1715 1728 1735 1798 1818 1822 1870 1918 1929 1938 1952 2010 2018 2038 2051 2075 2086 2092 2101 2122 2141 2174 2183 2225 2239 2262 2263 2280 2288 2302 2325 2344 2346 2362 2381 2394 2419 2426 2522 2530 2571 2583 2590 2602 2689 2695 2718 2771 2789 2831 2838 2889 2890 2891 2893 2895 2900 2903 2910 2919 2921 2926 2928 2937 2942 2945 2962 2968 2969 2972 2980 2989 2995 3003 3005 3011 3015 3021 3029 3035 3064 3073 3121 3125 3127 3161 3178 3188 
	}
	weather={
	}
}
