
strategic_region={
	id=2
	name="STRATEGICREGION_2"
	provinces={
		6 10 68 73 81 95 98 117 135 185 192 197 203 223 289 291 294 298 313 318 320 323 335 363 364 369 411 446 469 479 514 530 537 538 539 550 563 586 597 603 617 624 627 630 634 666 679 688 689 694 696 701 717 739 746 761 765 772 779 784 819 828 829 833 852 856 859 864 867 871 876 880 883 894 913 915 921 934 954 956 966 967 980 985 1024 1030 1034 1078 1084 1100 1119 1127 1128 1150 1157 1159 1181 1206 1217 1260 1266 1275 1298 1311 1326 1329 1343 1362 1364 1379 1386 1408 1417 1429 1430 1479 1518 1537 1565 1614 1648 1653 1669 1678 1679 1737 1746 1755 1766 1769 1786 1831 1834 1839 1841 1843 1860 1893 1927 1944 1986 2049 2077 2112 2117 2131 2155 2165 2208 2232 2234 2245 2251 2296 2308 2311 2319 2345 2347 2349 2390 2423 2429 2431 2455 2505 2521 2531 2538 2541 2561 2582 2584 2599 2621 2651 2658 2672 2673 2680 2687 2739 2746 2782 2797 2819 2857 2860 2886 3024 3067 3085 3093 3110 3116 3119 3136 3141 3154 3162 3163 3166 3172 3176 3181 3183 3189 3194 3195 3207 3208 3210 3219 3224 3242 3246 3257 3259 3260 3265 3277 3281 3288 3290 3300 3305 3306 3310 3314 3338 3344 
	}
	weather={
	}
}
