
strategic_region={
	id=28
	name="STRATEGICREGION_28"
	provinces={
		1 20 31 32 56 61 66 71 84 87 92 96 97 107 114 118 137 148 152 163 173 176 179 180 189 208 211 213 231 242 253 262 283 299 305 308 311 319 332 338 343 347 376 386 387 410 433 442 452 468 471 477 486 490 491 502 511 513 525 527 541 552 570 575 577 589 621 625 648 650 659 671 673 692 700 729 738 756 769 780 783 802 811 812 818 821 823 842 851 858 882 897 932 935 938 958 959 960 972 976 991 996 1007 1025 1044 1050 1066 1072 1073 1079 1086 1093 1096 1105 1135 1136 1142 1144 1147 1162 1164 1165 1170 1177 1186 1192 1205 1210 1215 1220 1248 1259 1265 1268 1273 1309 1328 1339 1340 1342 1345 1350 1353 1358 1360 1389 1395 1415 1431 1436 1446 1453 1460 1463 1464 1467 1473 1492 1503 1504 1523 1543 1544 1546 1552 1554 1597 1617 1620 1638 1646 1658 1681 1692 1693 1700 1707 1717 1720 1727 1749 1750 1758 1780 1788 1800 1812 1828 1832 1844 1856 1864 1885 1887 1890 1909 1914 1917 1919 1931 1949 1958 1973 1980 2004 2006 2008 2011 2019 2020 2024 2056 2060 2063 2067 2070 2081 2096 2102 2145 2151 2164 2171 2185 2187 2189 2194 2223 2230 2238 2247 2248 2257 2265 2277 2278 2284 2294 2306 2320 2327 2335 2359 2365 2373 2432 2442 2458 2471 2472 2475 2477 2497 2515 2527 2529 2557 2563 2572 2593 2596 2626 2656 2666 2681 2693 2697 2719 2725 2740 2753 2760 2779 2786 2808 2815 2824 2827 2840 2845 2849 2862 2865 2880 2888 2892 2894 2896 2897 2898 2899 2901 2902 2905 2912 2922 2925 2927 2933 2936 2938 2939 2941 2955 2958 2960 2961 2964 2971 2978 2982 2984 2987 2999 3007 3008 3012 3016 3017 3023 3026 3027 3034 3036 3038 3040 3042 3043 3044 3045 3047 3049 3050 3053 3055 3056 3057 3058 3059 3070 3077 3080 3089 3094 3097 3099 3100 3103 3107 3114 3122 3128 3130 3148 3152 3158 3173 3182 3184 3187 3190 3191 3193 3211 3238 3254 3278 
	}
	weather={
	}
}
