
strategic_region={
	id=32
	name="STRATEGICREGION_32"
	provinces={
		5 15 19 30 93 151 157 177 214 249 258 277 302 321 342 362 375 439 450 459 470 532 551 588 598 604 612 631 632 665 672 693 712 726 727 744 748 749 750 754 788 798 830 832 838 843 848 860 874 904 906 916 918 944 945 984 999 1026 1029 1043 1045 1052 1055 1130 1196 1231 1272 1296 1307 1331 1366 1368 1383 1428 1478 1494 1497 1562 1592 1602 1610 1647 1687 1702 1721 1729 1734 1753 1759 1793 1794 1819 1845 1866 1867 1908 1910 1941 1954 1965 1966 1967 1970 1996 2007 2023 2088 2098 2130 2135 2136 2170 2217 2268 2317 2339 2424 2434 2448 2482 2537 2552 2564 2578 2605 2649 2650 2652 2665 2669 2692 2717 2730 2735 2785 2807 2813 2874 2887 3083 3111 3133 3144 3151 3153 3155 3159 3160 3167 3168 3169 3170 3175 3185 3186 3192 3196 3197 3198 3199 3204 3206 3214 3215 3217 3223 3225 3226 3230 3235 3247 3271 3276 
	}
	weather={
	}
}
