
strategic_region={
	id=34
	name="STRATEGICREGION_34"
	provinces={
		2 39 42 47 52 58 63 80 108 115 126 133 204 212 275 309 353 358 374 420 425 449 461 465 472 548 564 566 572 573 582 608 618 623 708 716 782 799 834 898 912 946 950 969 979 982 998 1000 1014 1016 1017 1038 1077 1121 1154 1169 1223 1232 1256 1277 1293 1324 1333 1344 1361 1424 1440 1441 1512 1540 1542 1549 1584 1586 1590 1607 1612 1613 1635 1643 1657 1664 1684 1705 1709 1738 1754 1795 1824 1853 1875 1883 1888 1897 1902 1907 1923 1976 1984 1991 1999 2015 2027 2034 2054 2065 2100 2107 2115 2118 2123 2163 2184 2205 2214 2221 2226 2228 2229 2241 2250 2264 2267 2290 2312 2332 2358 2407 2422 2464 2465 2486 2510 2512 2520 2555 2560 2568 2595 2597 2613 2631 2632 2635 2639 2647 2659 2704 2722 2761 2762 2768 2809 2825 2832 2839 2875 3289 3291 3293 3294 3296 3301 3304 3308 3318 3321 3331 3333 3341 3342 3343 3351 3353 3355 3362 3375 3382 3383 3384 3386 3388 3390 3393 3400 3410 3422 3442 3448 3507 3510 3537 3569 3571 3594 3596 3597 3600 3601 3602 3603 
	}
	weather={
	}
}
