state={
	id=36
	name="STATE_36"
	state_category = wasteland
	history = {
	owner = IEC
	add_core_of = IEC
		buildings = {
		infrastructure = 2
		}
	}
	provinces={
		32 56 61 66 71 87 92 96 97 118 137 163 179 180 208 242 299 338 376 386 387 452 468 490 525 575 671 756 780 783 802 812 818 821 882 932 938 958 972 976 996 1007 1025 1044 1066 1072 1079 1135 1136 1142 1162 1170 1186 1192 1205 1215 1259 1273 1309 1328 1339 1342 1345 1415 1431 1446 1460 1464 1473 1492 1504 1543 1554 1597 1620 1692 1693 1700 1717 1750 1758 1788 1800 1812 1828 1864 1887 1949 1958 1980 2011 2020 2024 2067 2070 2081 2096 2102 2145 2151 2189 2194 2230 2247 2248 2257 2265 2277 2278 2306 2373 2432 2442 2458 2471 2472 2475 2477 2515 2527 2529 2563 2593 2626 2656 2681 2693 2740 2753 2808 2815 2824 2827 2840 2865 2888 2912 2922 2939 2955 2958 2960 2964 2978 2987 2999 3007 3008 3012 3017 3023 3026 3027 3034 3036 3038 3040 3042 3043 3044 3045 3047 3049 3050 3053 3055 3056 3057 3058 3059 3070 3077 3080 3089 3094 3097 3099 3100 3103 3107 3114 3122 3128 3130 3152 3173 3187 
	}
	manpower=200
	buildings_max_level_factor=1.000
}
