state={
	id=37
	name="STATE_37"
	state_category = wasteland
	history = {
	owner = IEC
	add_core_of = IEC
		buildings = {
		infrastructure = 2
		}
	}
	provinces={
		1 107 114 148 173 189 213 253 283 305 311 343 433 471 477 486 491 502 511 513 527 541 570 577 589 621 625 648 659 673 692 700 738 823 842 851 858 897 1050 1073 1086 1144 1147 1164 1165 1177 1248 1265 1268 1350 1353 1358 1436 1453 1463 1546 1552 1638 1646 1658 1720 1749 1780 1832 1856 1909 1917 1919 1931 1973 2004 2006 2008 2019 2164 2185 2223 2327 2365 2497 2557 2596 2719 2725 2845 2849 2880 2892 2894 2896 2897 2898 2899 2901 2902 2905 2925 2927 2933 2936 2938 2941 2961 2971 2982 2984 3016 
	}
	manpower=200
	buildings_max_level_factor=1.000
}
