state={
	id=38
	name="STATE_38"
	state_category = wasteland
	history = {
	owner = IEC
	add_core_of = IEC
		buildings = {
		infrastructure = 2
		}
	}
	provinces={
		6 10 68 73 81 98 135 192 289 313 318 323 335 363 446 514 538 550 586 617 630 634 666 696 701 739 746 761 765 819 828 833 859 864 883 913 915 934 956 967 1024 1030 1084 1128 1150 1157 1181 1217 1266 1298 1326 1343 1379 1429 1518 1648 1653 1669 1679 1746 1769 1831 1839 1841 1843 1860 1927 1944 2049 2077 2112 2131 2155 2165 2234 2296 2308 2390 2582 2599 2651 2658 2672 2687 2782 2797 2857 3024 3067 3085 3093 3110 3116 3119 3136 3141 3154 3162 3163 3166 3172 3176 3181 3183 3189 3195 3207 3208 
	}
	manpower=200
	buildings_max_level_factor=1.000
}
