
state={
	id=39
	name="STATE_39"

	history={
		owner = IEC
		add_core_of = IEC
		buildings = {
			infrastructure = 2

		}

	}

	provinces={
		95 117 185 197 203 223 291 294 298 320 364 369 411 469 479 530 537 539 563 597 603 624 627 679 688 689 694 717 772 779 784 829 852 856 867 871 876 880 894 921 954 966 980 985 1034 1078 1100 1119 1127 1159 1206 1260 1275 1311 1329 1362 1364 1386 1408 1417 1430 1479 1537 1565 1614 1678 1737 1755 1766 1786 1834 1893 1986 2117 2208 2232 2245 2251 2311 2319 2345 2347 2349 2423 2429 2431 2455 2505 2521 2531 2538 2541 2561 2584 2621 2673 2680 2739 2746 2819 2860 2886 3194 3210 3219 3224 3242 3246 3257 3259 3260 3265 3277 3281 3288 3290 3300 3305 3306 3310 3314 3338 3344 
	}
	manpower=200
	buildings_max_level_factor=1.000
	state_category=wasteland
}
