
state={
	id=40
	name="STATE_40"

	history={
		owner = IEC
		add_core_of = IEC
		buildings = {
			infrastructure = 2

		}

	}

	provinces={
		9 11 18 65 69 77 85 110 170 196 240 267 295 370 404 412 484 536 543 553 565 670 703 721 724 731 758 762 809 841 872 888 955 963 1008 1011 1020 1058 1089 1145 1146 1166 1203 1204 1243 1247 1255 1317 1336 1382 1407 1418 1435 1443 1483 1498 1501 1517 1532 1587 1703 1806 1825 1835 1840 1921 1935 1975 2012 2026 2033 2035 2073 2127 2143 2188 2209 2227 2233 2235 2254 2334 2403 2528 2581 2671 2723 2743 2793 2806 2822 2828 3364 3373 3378 3392 3405 3411 3415 3427 3433 3435 3441 3446 3491 3495 3497 3527 3535 3543 3544 3557 3558 3562 3564 3570 3572 3581 3591 3592 3621 3649 
	}
	manpower=200
	buildings_max_level_factor=1.000
	state_category=wasteland
}
