
state={
	id=41
	name="STATE_41"

	history={
		owner = IEC
		add_core_of = IEC
		victory_points = {
			3795 20 
		}
		buildings = {
			infrastructure = 2

		}

	}

	provinces={
		67 184 198 218 219 220 226 393 515 518 561 646 651 661 662 678 686 995 1010 1132 1213 1270 1281 1319 1397 1458 1469 1474 1485 1493 1558 1598 1652 1719 1865 1871 1960 2014 2042 2052 2072 2121 2172 2177 2212 2272 2331 2382 2388 2421 2499 2501 2539 2540 2544 2565 2576 2625 2716 2778 2833 2844 2851 2854 3740 3741 3746 3752 3754 3756 3761 3766 3767 3769 3770 3772 3773 3774 3776 3778 3779 3786 3788 3789 3795 3798 3799 3801 3807 3811 
	}
	manpower=200
	buildings_max_level_factor=1.000
	state_category=wasteland
}
