
state={
	id=42
	name="STATE_42"

	history={
		owner = IEC
		add_core_of = IEC
		buildings = {
			infrastructure = 2

		}

	}

	provinces={
		20 31 84 152 176 211 231 262 308 319 332 347 410 442 552 650 729 769 811 935 959 960 991 1093 1096 1105 1210 1220 1340 1360 1389 1395 1467 1503 1523 1544 1617 1681 1707 1727 1844 1885 1890 1914 2056 2060 2063 2171 2187 2238 2284 2294 2320 2335 2359 2572 2666 2697 2760 2779 2786 2862 3148 3158 3182 3184 3190 3191 3193 3211 3238 3254 3278 
	}
	manpower=200
	buildings_max_level_factor=1.000
	state_category=wasteland
}
