
state={
	id=43
	name="STATE_43"
	state_category = wasteland
	history = {
	owner = IEC
	add_core_of = IEC
		buildings = {
		infrastructure = 2
		}
	}
	provinces={
		62 88 153 164 167 175 207 233 281 322 341 355 397 407 413 500 534 562 674 755 781 786 789 813 845 914 928 941 961 1018 1214 1225 1314 1316 1332 1475 1567 1568 1591 1600 1644 1667 1689 1696 1798 1822 1929 1952 2018 2038 2075 2092 2141 2174 2239 2280 2381 2394 2571 2695 2718 2771 2831 2889 2890 2891 2893 2895 2900 2903 2910 2919 2921 2926 2928 2937 2942 2945 2962 2969 
	}
	manpower=200
	buildings_max_level_factor=1.000
}
