state={
	id=45
	name="STATE_45"
	state_category = wasteland
	history = {
	owner = IEC
	add_core_of = IEC
		buildings = {
		infrastructure = 2
		}
	}
	provinces={
		7 48 64 78 100 102 112 166 174 178 246 247 336 382 406 421 443 464 542 610 611 613 628 629 655 709 751 778 800 814 840 870 892 919 924 971 990 1003 1028 1039 1046 1104 1107 1108 1148 1188 1216 1239 1245 1278 1321 1330 1341 1367 1380 1420 1451 1564 1577 1583 1618 1629 1656 1715 1728 1735 1818 1870 1918 1938 2010 2051 2086 2101 2122 2183 2225 2262 2263 2288 2302 2325 2344 2346 2362 2419 2426 2522 2530 2583 2590 2602 2689 2789 2838 2968 2972 2980 2989 2995 3003 3005 3011 3015 3021 3029 3035 3064 3073 3121 3125 3127 3161 3178 3188 
	}
	manpower=200
	buildings_max_level_factor=1.000
}
