
state={
	id=49
	name="STATE_49"

	history={
		owner = IEC
		add_core_of = IEC
		buildings = {
			infrastructure = 2

		}

	}

	provinces={
		12 33 50 70 116 120 139 162 165 172 182 229 236 266 276 312 331 340 368 384 389 418 430 440 455 456 458 507 508 519 526 556 559 580 583 615 619 722 757 826 836 854 869 937 987 1023 1032 1041 1071 1097 1153 1176 1180 1229 1254 1302 1320 1365 1404 1416 1427 1450 1466 1470 1482 1527 1531 1534 1560 1593 1623 1655 1731 1733 1742 1751 1756 1764 1767 1799 1880 1934 1937 1968 1981 1987 1994 2037 2083 2091 2093 2094 2126 2144 2195 2222 2243 2271 2282 2299 2300 2337 2357 2372 2391 2397 2454 2493 2494 2514 2546 2606 2619 2633 2637 2640 2653 2663 2700 2727 2811 2820 2826 2829 2834 2870 3252 3267 3272 3274 3283 3286 3287 3292 3299 3313 3316 3334 3339 3374 3387 3397 3407 3413 3414 3430 3439 3445 3452 3462 3465 3514 3536 
	}
	manpower=200
	buildings_max_level_factor=1.000
	state_category=wasteland
}
