state={
	id=50
	name="STATE_50"
	state_category = wasteland
	history = {
	owner = IEC
	add_core_of = IEC
		buildings = {
		infrastructure = 2
		}
	}
	provinces={
		17 38 41 44 129 169 186 190 260 279 286 292 356 361 451 466 510 528 533 585 605 639 675 680 710 725 732 734 745 767 793 816 853 899 902 940 974 989 1022 1092 1094 1198 1235 1244 1249 1267 1303 1337 1347 1352 1387 1447 1513 1563 1572 1601 1625 1662 1711 1713 1722 1820 1852 1899 1905 1924 1974 2044 2132 2224 2341 2343 2395 2411 2425 2466 2491 2503 2543 2610 2628 2634 2636 2654 2660 2670 2747 3129 3145 3146 3156 3157 3164 3165 3177 3179 3180 3200 3205 3209 3212 3218 3220 3221 3222 3229 3237 3248 3256 3268 
	}
	manpower=200
	buildings_max_level_factor=1.000
}
