
state={
	id=51
	name="STATE_51"

	history={
		owner = IEC
		add_core_of = IEC
		buildings = {
			infrastructure = 2

		}

	}

	provinces={
		55 57 134 209 352 372 415 417 475 590 687 733 775 796 857 903 930 970 993 1138 1190 1191 1305 1495 1502 1519 1524 1659 1710 1775 1827 1851 1857 1928 1948 1978 1995 2013 2030 2068 2162 2303 2412 2588 2664 2773 2788 2816 3468 3478 3482 3484 3486 3488 3524 3575 3586 3587 3590 3595 3608 3622 3633 
	}
	manpower=200
	buildings_max_level_factor=1.000
	state_category=wasteland
}
