state={
	id=54
	name="STATE_54"
	state_category = wasteland
	history = {
	owner = IEC
	add_core_of = IEC
		buildings = {
		infrastructure = 2
		}
	}
	provinces={
		52 58 115 204 275 309 353 374 425 461 465 472 572 573 582 608 708 716 782 834 946 950 979 998 1014 1016 1017 1038 1077 1121 1169 1223 1232 1277 1324 1344 1440 1512 1584 1586 1607 1657 1664 1754 1795 1853 1883 1902 2100 2107 2123 2163 2205 2228 2229 2250 2264 2290 2312 2358 2465 2520 2555 2560 2568 2595 2597 2613 2639 2647 2704 2839 2875 3448 3507 3510 3537 3569 3571 3594 3596 3597 3600 3601 3602 3603 
	}
	manpower=200
	buildings_max_level_factor=1.000
}
