
state={
	id=55
	name="STATE_55"

	history={
		owner = IEC
		add_core_of = IEC
		buildings = {
			infrastructure = 2

		}

	}

	provinces={
		94 154 278 339 354 390 435 495 531 569 719 831 849 885 890 964 1062 1068 1076 1141 1168 1184 1228 1292 1310 1313 1376 1378 1409 1599 1615 1619 1641 1773 1854 1859 1863 1882 1922 1971 2076 2082 2125 2138 2149 2186 2246 2301 2376 2401 2437 2468 2470 2507 2524 2553 2575 2577 2600 2604 2643 2774 2798 2863 2868 3611 3619 3620 3625 3628 3632 3634 3635 3639 3661 3665 3671 3672 3679 3680 3689 3692 3696 3698 3701 3704 3705 3706 3716 3724 3726 3729 3738 3739 3749 3753 3780 
	}
	manpower=200
	buildings_max_level_factor=1.000
	state_category=wasteland
}
