
state={
	id=56
	name="STATE_56"

	history={
		owner = IEC
		add_core_of = IEC
		buildings = {
			infrastructure = 2

		}

	}

	provinces={
		30 151 177 249 258 277 302 342 439 470 551 631 672 727 788 798 830 848 916 944 984 999 1055 1130 1231 1272 1366 1478 1494 1562 1592 1602 1702 1753 1794 1819 1845 1866 1867 1908 1965 1970 2007 2023 2098 2217 2317 2448 2482 2552 2564 2605 2652 2669 2692 2717 2730 2887 3083 3111 3153 3159 3167 3168 3175 3196 3197 3204 3214 3215 3217 3226 3230 
	}
	manpower=200
	buildings_max_level_factor=1.000
	state_category=wasteland
}
