state={
	id=57
	name="STATE_57"
	state_category = rural
	history = {
	owner = IEC
	add_core_of = IEC
		buildings = {
		infrastructure = 2
		}
	}
	provinces={
		23 89 104 111 131 224 401 493 571 743 797 948 978 997 1012 1019 1021 1051 1122 1199 1480 1486 1520 1538 1573 1676 1814 1911 1915 1961 2120 2207 2215 2276 2314 2369 2399 2443 2566 2594 2686 2698 2702 2706 2715 2770 2792 2853 2867 3396 3403 3417 3418 3419 3424 3426 3428 3432 3437 3438 3447 3456 3464 3469 3472 3477 3498 3499 3501 3509 3512 3516 3518 3530 3532 3538 3551 
	}
	manpower=500
	buildings_max_level_factor=1.000
}
