state={
	id=58
	name="STATE_58"
	state_category = wasteland
	history = {
	owner = IEC
	add_core_of = IEC
		buildings = {
		infrastructure = 2
		}
	}
	provinces={
		34 54 136 155 156 248 250 314 324 333 349 424 487 512 555 574 707 817 931 986 1031 1033 1069 1098 1112 1118 1129 1173 1230 1257 1396 1468 1603 1640 1740 1774 1783 1830 2009 2104 2159 2256 2258 2259 2266 2315 2352 2404 2416 2488 2533 2558 2608 2617 2661 2734 2749 2878 2923 2935 2953 2956 2966 2983 2990 3022 3028 3033 3041 3066 3098 3106 
	}
	manpower=200
	buildings_max_level_factor=1.000
}
