
state={
	id=60
	name="STATE_60"
	state_category = wasteland
	history = {
	owner = IEC
	add_core_of = IEC
		buildings = {
		infrastructure = 2
		}
	}
	provinces={
		53 76 132 141 200 216 310 328 402 434 460 462 492 520 523 540 546 647 691 706 737 742 760 839 850 866 992 1048 1211 1236 1291 1338 1357 1400 1402 1414 1434 1454 1471 1487 1621 1628 1649 1665 1688 1716 1761 1792 1809 1855 1894 1990 1998 2153 2370 2393 2479 2506 2567 2601 2714 2728 2748 2810 2848 2879 3727 3768 3794 3802 3806 3809 3810 3813 3816 3817 3819 3842 3845 3853 3860 3868 3870 
	}
	manpower=200
	buildings_max_level_factor=1.000
}
