state={
	id=61
	name="STATE_61"
	state_category = wasteland
	history = {
	owner = IEC
	add_core_of = IEC
		buildings = {
		infrastructure = 2
		}
	}
	provinces={
		13 46 49 79 90 147 171 199 235 241 245 251 255 268 346 381 392 395 423 441 448 478 497 567 601 616 626 633 640 643 681 740 752 777 791 878 884 929 957 994 1005 1036 1060 1081 1083 1103 1109 1149 1155 1182 1289 1370 1375 1384 1410 1449 1506 1545 1553 1555 1556 1566 1611 1626 1680 1690 1698 1704 1744 1763 1850 1861 1876 1878 1912 1945 1953 2022 2043 2089 2106 2109 2113 2140 2203 2316 2330 2342 2408 2417 2461 2473 2492 2500 2549 2562 2574 2589 2620 2657 2703 2708 2741 2796 2837 2876 2882 3812 3814 3818 3833 3840 3841 3843 3847 3848 3849 3850 3851 3854 3855 3863 3866 3873 3874 3876 3878 3880 3882 3884 3885 3886 3887 3888 3889 3890 3891 3892 3893 3894 3895 
	}
	manpower=200
	buildings_max_level_factor=1.000
}
