
state={
	id=62
	name="STATE_62"

	history={
		owner = IEC
		add_core_of = IEC
		buildings = {
			infrastructure = 2

		}

	}

	provinces={
		3 24 26 27 37 45 51 74 83 101 113 119 127 140 145 187 191 193 202 205 215 221 228 239 261 264 265 290 293 300 301 304 306 344 351 357 379 385 396 403 405 408 427 428 431 436 437 438 463 467 485 496 501 517 535 545 592 596 609 635 642 684 690 764 771 774 790 794 803 810 835 837 873 875 881 905 907 908 910 923 925 939 973 988 1001 1035 1037 1065 1075 1080 1085 1087 1095 1099 1114 1117 1120 1124 1133 1151 1178 1185 1187 1194 1221 1233 1240 1251 1253 1261 1262 1299 1306 1312 1388 1390 1394 1398 1423 1437 1455 1488 1489 1509 1515 1529 1535 1550 1570 1581 1585 1616 1627 1631 1636 1650 1686 1699 1745 1757 1760 1768 1777 1789 1802 1811 1815 1838 1848 1872 1891 1895 1901 1903 1916 1925 1930 1936 1939 1951 1959 1989 2000 2021 2047 2095 2110 2114 2142 2147 2160 2192 2197 2206 2211 2213 2216 2275 2289 2307 2313 2351 2387 2427 2430 2433 2444 2450 2459 2460 2474 2490 2509 2551 2556 2586 2615 2684 2710 2713 2721 2736 2737 2745 2763 2775 2776 2791 2804 2821 2823 2846 2859 2871 3559 3567 3568 3573 3578 3579 3580 3582 3585 3588 3589 3593 3605 3606 3610 3612 3614 3623 3636 3641 3645 3650 3655 3681 3695 3699 3709 3722 3736 3744 3757 3758 3759 3760 3763 3765 3771 3775 3777 3782 3783 3787 3790 3793 3800 3803 3804 3805 3808 3821 3826 3838 
	}
	manpower=200
	buildings_max_level_factor=1.000
	state_category=wasteland
}
