state={
	id=63
	name="STATE_63"
	state_category = wasteland
	history = {
	owner = IEC
	add_core_of = IEC
		buildings = {
		infrastructure = 2
		}
	}
	provinces={
		5 15 19 93 157 214 321 362 375 450 459 532 588 598 604 612 632 665 693 712 726 744 748 749 750 754 832 838 843 860 874 904 906 918 945 1026 1029 1043 1045 1052 1196 1296 1307 1331 1368 1383 1428 1497 1610 1647 1687 1721 1729 1734 1759 1793 1910 1941 1954 1966 1967 1996 2088 2130 2135 2136 2170 2268 2339 2424 2434 2537 2578 2649 2650 2665 2735 2785 2807 2813 2874 3133 3144 3151 3155 3160 3169 3170 3185 3186 3192 3198 3199 3206 3223 3225 3235 3247 3271 3276 
	}
	manpower=200
	buildings_max_level_factor=1.000
}
