
state={
	id=64
	name="STATE_64"
	state_category = wasteland
	history = {
	owner = IEC
	add_core_of = IEC
		buildings = {
		infrastructure = 2
		}
	}
	provinces={
		36 82 105 106 122 128 138 168 227 238 243 272 274 303 325 326 334 365 367 377 378 380 399 400 409 414 419 422 444 447 454 457 488 503 522 558 606 622 638 656 658 660 668 683 699 713 715 736 759 806 807 808 820 822 887 917 933 951 952 975 981 1015 1061 1082 1101 1111 1139 1152 1156 1160 1172 1175 1179 1193 1197 1202 1219 1250 1252 1280 1290 1372 1399 1405 1411 1425 1442 1445 1511 1514 1522 1530 1559 1604 1605 1642 1660 1661 1671 1691 1697 1730 1770 1772 1779 1785 1817 1821 1829 1837 1842 1849 1862 1873 1874 1889 1900 1947 1983 2002 2016 2017 2025 2036 2039 2041 2050 2053 2055 2057 2058 2059 2061 2078 2084 2105 2129 2152 2158 2178 2180 2190 2199 2261 2297 2304 2323 2356 2371 2386 2396 2420 2428 2435 2446 2467 2495 2502 2504 2542 2591 2609 2624 2690 2691 2694 2711 2744 2751 2764 2765 2777 2781 2790 2794 2801 2817 2818 2861 3150 3171 3174 3203 3234 3243 3253 3261 3269 3275 3282 3284 3298 3303 3315 3322 3328 3336 3368 3372 3379 3389 3391 3394 3398 3399 3402 3408 3409 3420 3444 3453 3458 3460 3493 3494 3500 3503 3506 3545 
	}
	manpower=200
	buildings_max_level_factor=1.000
}
